Run results and settings for seed 38651033

Last run: [447,505,117,893,986,830,1073,627,113,829,857,1032,774,642,492,299,137,200,216,607,921,679,109,272,521,178,22,74,747,572,786,180,853,935,717,839,493,345,710,498]
Last run's cost: 310.9184991292194
Best run: [137,853,1032,113,216,117,607,642,345,493,272,505,521,180,74,829,786,200,109,679,774,178,710,572,627,299,717,986,447,839,22,857,747,498,1073,935,830,492,921,893]
Best run's cost: 310.9184991292193

theta = 0.50
T = 100.0
db_connections_file = connections.txt
epsilon = 20.0
cities = 22,74,109,113,117,137,178,180,200,216,272,299,345,447,492,493,498,505,521,572,607,627,642,679,710,717,747,774,786,829,830,839,853,857,893,921,935,986,1032,1073
seed = 1234567890
L = 1000
punishment_factor = 5.0
runs = 2
db_cities_file = cities.txt
