Run results and settings for seed 43563425

Last run: [180,22,627,117,272,109,299,857,679,986,642,200,137,853,505,607,717,786,1032,935,893,774,829,921,710,178,839,492,1073,572,216,493,113,345,521,447,830,498,747,74]
Last run's cost: 615.9630363325488
Best run: [921,498,642,521,74,710,299,829,857,774,493,216,679,200,717,272,22,1032,986,113,853,180,137,893,345,1073,492,830,935,109,747,627,572,178,607,505,447,117,786,839]
Best run's cost: 615.9630363325482

theta = 0.60
T = 100.0
db_connections_file = connections.txt
epsilon = 20.0
cities = 22,74,109,113,117,137,178,180,200,216,272,299,345,447,492,493,498,505,521,572,607,627,642,679,710,717,747,774,786,829,830,839,853,857,893,921,935,986,1032,1073
seed = 1234567890
L = 10000
punishment_factor = 10.0
runs = 5
db_cities_file = cities.txt
