Run results and settings for seed 47998000

Last run: [853,572,679,492,1032,642,710,216,857,747,272,829,607,935,447,109,22,921,717,113,986,345,299,627,74,137,493,521,505,200,774,839,786,830,1073,893,180,117,498,178]
Last run's cost: 615.9630363325485
Best run: [216,1073,572,117,113,607,853,717,272,829,857,492,180,137,498,786,505,710,747,74,774,22,521,986,1032,447,679,642,299,893,493,627,839,345,178,109,830,200,921,935]
Best run's cost: 615.9630363325483

theta = 0.75
T = 500.0
db_connections_file = connections.txt
epsilon = 25.0
cities = 22,74,109,113,117,137,178,180,200,216,272,299,345,447,492,493,498,505,521,572,607,627,642,679,710,717,747,774,786,829,830,839,853,857,893,921,935,986,1032,1073
seed = 0987654321
L = 10000
punishment_factor = 10.0
runs = 5
db_cities_file = cities.txt
