Run results and settings for seed 73976795

Last run: [109,498,521,642,839,180,272,22,747,627,505,113,921,829,710,853,1073,774,117,986,345,492,200,137,786,893,935,447,607,178,216,572,679,717,299,857,1032,74,493,830]
Last run's cost: 615.9630363325485
Best run: [921,345,299,829,492,180,447,853,22,521,935,572,710,1032,642,986,109,830,607,1073,113,493,627,786,747,178,272,505,857,774,137,839,679,74,893,498,216,717,200,117]
Best run's cost: 615.9630363325483

theta = 0.60
T = 100.0
db_connections_file = connections.txt
epsilon = 20.0
cities = 22,74,109,113,117,137,178,180,200,216,272,299,345,447,492,493,498,505,521,572,607,627,642,679,710,717,747,774,786,829,830,839,853,857,893,921,935,986,1032,1073
seed = 1234567890
L = 10000
punishment_factor = 10.0
runs = 5
db_cities_file = cities.txt
