Run results and settings for seed 82325466

Last run: [679,921,178,829,345,498,893,642,857,113,447,299,272,935,839,137,747,1032,109,786,492,1073,74,521,830,774,986,180,627,22,710,117,607,853,200,572,717,505,493,216]
Last run's cost: 615.9630363325485
Best run: [505,1032,498,774,857,830,180,627,839,493,117,299,137,109,272,216,642,786,921,22,74,572,200,935,492,853,717,447,113,747,607,178,521,710,679,829,1073,893,345,986]
Best run's cost: 615.9630363325483

theta = 0.60
T = 100.0
db_connections_file = connections.txt
epsilon = 20.0
cities = 22,74,109,113,117,137,178,180,200,216,272,299,345,447,492,493,498,505,521,572,607,627,642,679,710,717,747,774,786,829,830,839,853,857,893,921,935,986,1032,1073
seed = 1234567890
L = 10000
punishment_factor = 10.0
runs = 5
db_cities_file = cities.txt
