Run results and settings for seed 82375783

Last run: [921,839,505,710,113,747,1073,200,299,857,498,492,627,786,607,216,178,986,22,117,572,493,935,447,180,774,137,74,521,679,717,893,345,830,1032,272,642,829,109,853]
Last run's cost: 615.9630363325489
Best run: [921,679,498,935,1032,893,117,137,774,447,521,74,642,747,1073,607,492,853,216,717,627,986,857,200,272,180,572,839,710,786,493,830,505,178,345,22,109,829,113,299]
Best run's cost: 615.9630363325483

theta = 0.60
T = 100.0
db_connections_file = connections.txt
epsilon = 20.0
cities = 22,74,109,113,117,137,178,180,200,216,272,299,345,447,492,493,498,505,521,572,607,627,642,679,710,717,747,774,786,829,830,839,853,857,893,921,935,986,1032,1073
seed = 1234567890
L = 10000
punishment_factor = 10.0
runs = 5
db_cities_file = cities.txt
