Run results and settings for seed 89615049

Last run: [137,200,109,493,710,893,679,829,1032,505,345,747,857,572,853,986,921,74,786,447,272,498,113,521,22,492,117,830,180,299,178,1073,627,935,607,717,839,216,774,642]
Last run's cost: 615.9630363325487
Best run: [710,447,572,839,607,747,921,857,137,679,829,178,935,493,345,272,113,786,986,521,74,180,22,109,505,853,299,492,830,1073,1032,893,717,117,627,498,774,642,216,200]
Best run's cost: 615.9630363325482

theta = 0.75
T = 500.0
db_connections_file = connections.txt
epsilon = 25.0
cities = 22,74,109,113,117,137,178,180,200,216,272,299,345,447,492,493,498,505,521,572,607,627,642,679,710,717,747,774,786,829,830,839,853,857,893,921,935,986,1032,1073
seed = 0987654321
L = 10000
punishment_factor = 10.0
runs = 5
db_cities_file = cities.txt
