Run results and settings for seed 96357615

Last run: [113,272,830,747,921,829,521,180,627,839,607,986,717,178,447,786,137,710,498,642,345,572,200,74,1073,679,492,774,893,935,216,109,505,853,117,1032,22,857,493,299]
Last run's cost: 615.9630363325488
Best run: [498,572,22,839,178,710,113,1073,521,986,117,216,786,493,299,180,137,1032,830,679,642,345,853,935,74,717,272,747,447,893,109,607,200,774,492,829,857,627,505,921]
Best run's cost: 615.9630363325483

theta = 0.60
T = 100.0
db_connections_file = connections.txt
epsilon = 20.0
cities = 22,74,109,113,117,137,178,180,200,216,272,299,345,447,492,493,498,505,521,572,607,627,642,679,710,717,747,774,786,829,830,839,853,857,893,921,935,986,1032,1073
seed = 1234567890
L = 10000
punishment_factor = 10.0
runs = 5
db_cities_file = cities.txt
