Run results and settings for seed 13659485

Last solution: [200,710,447,272,774,345,109,747,137,299,492,839,829,117,853,498,521,216,642,986,505,74,572,178,180,857,607,113,22,893,493,786,921,1032,679,627,1073,717,830,935]
Last solution's cost: 58.80623637831708
Valid path: false

Best solution: [447,272,747,492,200,710,774,216,839,829,853,345,109,137,299,498,117,521,74,178,607,180,505,986,572,22,786,857,642,1032,493,717,935,627,893,113,1073,679,830,921]
Best solution's cost: 58.80623637831708
Valid path: false

theta = 0.95
T = 8.0
db_connections_file = connections.txt
epsilon = 0.001
cities = 22,74,109,113,117,137,178,180,200,216,272,299,345,447,492,493,498,505,521,572,607,627,642,679,710,717,747,774,786,829,830,839,853,857,893,921,935,986,1032,1073
seed = 09876548765
L = 500
punishment_factor = 3.5
runs = 5
db_cities_file = cities.txt
