Run results and settings for seed 14418129

Initial solution:[829,830,893,921,839,22,505,447,627,1073,935,774,345,1032,180,498,492,986,216,200,572,74,679,493,178,786,747,607,717,113,710,272,521,857,299,642,109,853,137,117]
Initial solution's cost: 58.80623637831708

Last solution: [627,786,22,493,642,853,935,345,521,1032,893,1073,829,492,921,447,679,717,572,774,272,200,299,830,986,607,857,109,137,747,839,216,505,113,710,180,74,498,178,117]
Last solution's cost: 58.806236378317074
Valid path: false

Best solution: [786,521,493,853,447,22,627,1032,921,935,679,642,893,986,1073,572,829,345,492,774,717,272,607,200,137,109,839,505,747,710,830,299,857,216,113,74,498,117,178,180]
Best solution's cost: 58.806236378317074
Valid path: false

theta = 0.95
T = 8.0
db_connections_file = connections.txt
epsilon = 0.0001
cities = 22,74,109,113,117,137,178,180,200,216,272,299,345,447,492,493,498,505,521,572,607,627,642,679,710,717,747,774,786,829,830,839,853,857,893,921,935,986,1032,1073
seed = 09876548765
L = 500
punishment_factor = 3.5
runs = 5
db_cities_file = cities.txt
