Run results and settings for seed 33141206

Last solution: [893,22,935,200,717,493,679,857,447,839,986,521,747,299,774,345,786,498,492,607,642,627,853,1073,505,272,117,216,109,180,830,137,710,572,1032,829,921,113,74,178]
Last solution's cost: 58.80623637831708
Valid path: false

Best solution: [893,447,935,22,299,200,857,717,679,747,345,839,986,493,521,492,774,505,607,109,117,642,786,498,853,1073,216,272,180,627,829,830,710,137,1032,921,113,74,178,572]
Best solution's cost: 58.806236378317074
Valid path: false

theta = 0.95
T = 8.0
db_connections_file = connections.txt
epsilon = 0.0001
cities = 22,74,109,113,117,137,178,180,200,216,272,299,345,447,492,493,498,505,521,572,607,627,642,679,710,717,747,774,786,829,830,839,853,857,893,921,935,986,1032,1073
seed = 09876548765
L = 500
punishment_factor = 3.5
runs = 5
db_cities_file = cities.txt
