Run results and settings for seed 42951715

Last solution: [492,853,137,627,180,921,607,109,829,200,345,839,272,642,747,521,857,178,1073,505,1032,498,679,299,893,786,113,572,830,774,74,447,216,117,493,986,710,22,935,717]
Last solution's cost: 58.80623637831708
Valid path: false

Best solution: [137,607,853,492,109,180,839,345,921,627,521,272,642,200,505,178,857,679,829,1032,498,1073,786,572,747,774,113,299,447,986,893,22,830,117,74,717,493,710,216,935]
Best solution's cost: 58.80623637831708
Valid path: false

theta = 0.95
T = 8.0
db_connections_file = connections.txt
epsilon = 0.0001
cities = 22,74,109,113,117,137,178,180,200,216,272,299,345,447,492,493,498,505,521,572,607,627,642,679,710,717,747,774,786,829,830,839,853,857,893,921,935,986,1032,1073
seed = 09876548765
L = 500
punishment_factor = 3.5
runs = 5
db_cities_file = cities.txt
