Run results and settings for seed 44929644

Last solution: [679,117,498,137,572,447,113,22,893,492,345,986,717,178,200,921,272,1032,853,109,747,505,710,1073,857,642,74,774,607,180,935,839,627,493,786,829,521,830,299,216]
Last solution's cost: 58.80623637831708
Valid path: false

Best solution: [498,572,137,717,113,117,679,921,22,345,492,747,200,893,986,710,1032,447,178,607,642,853,74,505,857,786,935,180,1073,839,109,627,774,829,272,830,216,493,299,521]
Best solution's cost: 58.80623637831708
Valid path: false

theta = 0.95
T = 8.0
db_connections_file = connections.txt
epsilon = 0.001
cities = 22,74,109,113,117,137,178,180,200,216,272,299,345,447,492,493,498,505,521,572,607,627,642,679,710,717,747,774,786,829,830,839,853,857,893,921,935,986,1032,1073
seed = 09876548765
L = 500
punishment_factor = 3.5
runs = 5
db_cities_file = cities.txt
