Run results and settings for seed 58556181

Last solution: [521,893,345,113,642,986,857,830,74,117,829,679,272,607,627,22,786,710,109,178,447,774,921,935,505,498,200,853,717,137,216,180,572,492,493,839,1073,299,747,1032]
Last solution's cost: 58.806236378317074
Valid path: false

Best solution: [893,345,642,117,986,521,829,627,679,74,830,857,22,447,113,786,935,272,137,109,607,505,710,178,921,717,180,498,853,1073,216,1032,572,493,492,774,200,747,839,299]
Best solution's cost: 58.806236378317074
Valid path: false

theta = 0.95
T = 8.0
db_connections_file = connections.txt
epsilon = 0.0001
cities = 22,74,109,113,117,137,178,180,200,216,272,299,345,447,492,493,498,505,521,572,607,627,642,679,710,717,747,774,786,829,830,839,853,857,893,921,935,986,1032,1073
seed = 09876548765
L = 500
punishment_factor = 3.5
runs = 5
db_cities_file = cities.txt
