Run results and settings for seed 74237876

Initial solution:[200,22,299,1073,178,180,492,113,786,572,272,521,117,747,1032,717,607,774,505,642,447,493,986,921,829,627,345,710,830,679,109,857,137,74,935,853,216,839,498,893]
Initial solution's cost: 58.806236378317074

Last solution: [299,829,492,710,857,921,830,679,642,113,447,986,747,272,774,521,117,493,498,1073,505,137,345,717,1032,572,607,178,200,853,109,180,627,893,216,839,74,22,935,786]
Last solution's cost: 58.806236378317074
Valid path: false

Best solution: [710,830,829,857,447,921,299,492,747,642,272,679,986,521,117,774,113,1073,505,607,109,498,1032,493,717,137,178,627,572,853,345,216,839,200,74,893,180,786,22,935]
Best solution's cost: 58.806236378317074
Valid path: false

theta = 0.99
T = 8.0
db_connections_file = connections.txt
epsilon = 0.0001
cities = 22,74,109,113,117,137,178,180,200,216,272,299,345,447,492,493,498,505,521,572,607,627,642,679,710,717,747,774,786,829,830,839,853,857,893,921,935,986,1032,1073
seed = 09876548765
L = 500
punishment_factor = 3.5
runs = 5
db_cities_file = cities.txt
