Run results and settings for seed 83762343

Last solution: [627,521,829,717,857,137,22,839,200,986,117,747,180,74,493,893,1073,921,178,679,447,786,345,935,1032,113,710,642,572,830,216,774,505,607,498,299,272,492,853,109]
Last solution's cost: 58.806236378317074
Valid path: false

Best solution: [627,521,200,839,717,829,180,22,137,857,74,747,1073,986,117,679,493,893,113,786,935,921,710,447,505,178,1032,607,345,572,299,642,830,492,272,774,853,109,216,498]
Best solution's cost: 58.806236378317074
Valid path: false

theta = 0.95
T = 8.0
db_connections_file = connections.txt
epsilon = 0.001
cities = 22,74,109,113,117,137,178,180,200,216,272,299,345,447,492,493,498,505,521,572,607,627,642,679,710,717,747,774,786,829,830,839,853,857,893,921,935,986,1032,1073
seed = 09876548765
L = 500
punishment_factor = 3.5
runs = 5
db_cities_file = cities.txt
