Run results and settings for seed 93314103

Last solution: [717,117,774,1073,200,747,1032,493,627,299,921,178,505,607,853,935,829,74,642,839,679,137,113,786,492,180,109,216,830,498,857,22,272,572,521,893,710,986,447,345]
Last solution's cost: 58.80623637831708
Valid path: false

Best solution: [117,747,717,1073,1032,921,200,774,299,178,493,137,853,607,829,109,679,113,492,839,505,627,935,786,642,180,74,986,830,893,521,572,498,22,272,447,216,857,345,710]
Best solution's cost: 58.80623637831708
Valid path: false

theta = 0.95
T = 8.0
db_connections_file = connections.txt
epsilon = 0.001
cities = 22,74,109,113,117,137,178,180,200,216,272,299,345,447,492,493,498,505,521,572,607,627,642,679,710,717,747,774,786,829,830,839,853,857,893,921,935,986,1032,1073
seed = 09876548765
L = 500
punishment_factor = 3.5
runs = 5
db_cities_file = cities.txt
