#Settings for BEST 150 run (0.2725)
#Needs like 30 secs to finish

#Seed
seed=26077280920

#Initial permutation
cities=700,213,735,393,308,795,865,697,981,498,284,688,583,408,358,95,323,582,478,679,489,477,896,67,955,332,1016,853,299,571,233,438,670,587,414,785,890,86,857,547,933,515,877,470,669,119,654,454,591,302,1034,1002,243,712,872,186,497,10,717,189,190,871,552,690,492,151,12,517,69,837,854,766,535,991,1069,557,607,278,355,505,74,876,297,893,293,675,156,627,705,398,117,159,611,94,40,637,39,563,93,748,796,1057,385,281,447,833,1007,986,310,1080,576,13,79,203,413,639,98,486,347,410,341,395,919,319,234,254,111,1072,257,528,271,1037,741,219,256,96,337,206,107,313,44,885,957,178,830,614,935,757,359,115

#Lot size
L=1000
#Initial temperature
T=1.0
#Inferior limit for temperature
epsilon=0.0005
#Cooling factor (Float64 between 0 and 1)
theta=0.99
#Punishment factor
punishment_factor=3.5

#Data files 
db_cities_file=cities.txt
db_connections_file=connections.txt


