Run results and settings for seed 35911740

Initial solution:[299,857,216,921,774,710,505,345,572,839,607,627,786,137,893,986,1073,74,679,113,492,272,829,521,747,642,117,493,717,109,1032,200,180,935,447,178,830,498,853,22]
Initial solution's cost: 58.80623637831708

Last solution: [679,117,857,774,498,113,492,299,109,74,921,893,216,137,505,447,493,22,839,830,829,1032,710,986,1073,627,747,178,853,607,180,521,642,935,786,272,345,200,572,717]
Last solution's cost: 58.80623637831708
Valid path: false

Best solution: [200,22,345,710,74,774,829,447,857,935,717,117,572,893,178,642,786,747,109,986,839,272,180,492,216,521,679,113,493,607,1032,830,853,299,137,921,505,498,1073,627]
Best solution's cost: 58.806236378317074
Valid path: false

theta = 0.999
T = 8.0
db_connections_file = connections.txt
epsilon = 0.0001
cities = 22,74,109,113,117,137,178,180,200,216,272,299,345,447,492,493,498,505,521,572,607,627,642,679,710,717,747,774,786,829,830,839,853,857,893,921,935,986,1032,1073
seed = 5555555555
L = 500
punishment_factor = 3.5
runs = 5
db_cities_file = cities.txt
