Run results and settings for seed 47878128

Initial solution:[717,829,572,935,493,786,178,710,137,498,893,839,1032,642,492,180,986,627,747,109,216,521,853,299,74,857,200,830,774,22,505,607,447,1073,921,272,679,117,345,113]
Initial solution's cost: 58.80623637831708

Last solution: [117,1073,493,521,853,74,786,627,829,572,747,178,22,498,137,109,986,505,492,893,345,679,272,857,839,607,200,935,710,299,774,830,113,717,447,216,642,1032,180,921]
Last solution's cost: 58.806236378317074
Valid path: false

Best solution: [717,935,447,829,505,921,137,1073,710,986,22,521,272,747,216,493,853,1032,893,498,180,679,200,839,627,74,299,774,117,642,178,572,109,830,492,857,345,113,607,786]
Best solution's cost: 58.806236378317074
Valid path: false

theta = 0.99
T = 8.0
db_connections_file = connections.txt
epsilon = 0.0001
cities = 22,74,109,113,117,137,178,180,200,216,272,299,345,447,492,493,498,505,521,572,607,627,642,679,710,717,747,774,786,829,830,839,853,857,893,921,935,986,1032,1073
seed = 5555555555
L = 500
punishment_factor = 3.5
runs = 5
db_cities_file = cities.txt
