Run results and settings for seed 49461240

Initial solution:[786,178,853,447,830,717,679,505,857,572,747,137,492,893,829,839,1073,345,493,22,607,642,113,74,521,710,986,109,1032,216,935,627,921,299,200,117,774,498,180,272]
Initial solution's cost: 58.80623637831708

Last solution: [137,216,786,117,299,717,272,642,493,893,829,113,180,853,679,627,607,710,1073,74,839,921,345,857,447,572,830,109,498,178,1032,521,505,747,986,935,774,22,200,492]
Last solution's cost: 58.80623637831708
Valid path: false

Best solution: [679,299,857,113,22,492,774,493,642,521,117,786,829,986,710,180,830,853,74,216,747,839,607,498,505,1032,447,935,572,893,272,921,1073,137,627,200,717,178,345,109]
Best solution's cost: 58.806236378317074
Valid path: false

theta = 0.99
T = 8.0
db_connections_file = connections.txt
epsilon = 0.0001
cities = 22,74,109,113,117,137,178,180,200,216,272,299,345,447,492,493,498,505,521,572,607,627,642,679,710,717,747,774,786,829,830,839,853,857,893,921,935,986,1032,1073
seed = 5555555555
L = 500
punishment_factor = 3.5
runs = 5
db_cities_file = cities.txt
