Run results and settings for seed 71500269

Initial solution:[74,572,447,178,272,710,786,607,498,109,299,117,830,986,935,774,521,200,1073,137,839,22,493,829,492,505,113,717,345,627,853,893,857,180,679,747,1032,642,921,216]
Initial solution's cost: 58.806236378317074

Last solution: [74,642,505,521,216,1073,493,299,679,492,921,498,986,747,137,345,786,710,109,1032,893,272,830,180,22,178,113,935,627,774,572,717,857,447,117,607,853,839,829,200]
Last solution's cost: 58.806236378317074
Valid path: false

Best solution: [607,345,200,893,774,1032,572,137,74,272,492,829,521,679,642,178,830,447,109,986,710,493,180,1073,717,498,786,627,22,216,505,839,853,921,117,935,747,113,299,857]
Best solution's cost: 58.806236378317074
Valid path: false

theta = 0.99
T = 8.0
db_connections_file = connections.txt
epsilon = 0.0001
cities = 22,74,109,113,117,137,178,180,200,216,272,299,345,447,492,493,498,505,521,572,607,627,642,679,710,717,747,774,786,829,830,839,853,857,893,921,935,986,1032,1073
seed = 5555555555
L = 500
punishment_factor = 3.5
runs = 5
db_cities_file = cities.txt
