Run results and settings for seed 98222758

Initial solution:[137,345,607,22,893,710,272,572,117,178,839,857,521,717,774,935,853,74,505,498,113,180,216,830,493,627,829,200,921,1073,109,492,786,642,447,1032,299,679,986,747]
Initial solution's cost: 58.80623637831708

Last solution: [272,345,299,627,117,137,521,1032,830,572,921,710,74,1073,200,180,447,893,493,717,935,498,986,113,492,679,109,786,22,505,216,642,747,607,857,829,853,839,178,774]
Last solution's cost: 58.806236378317074
Valid path: false

Best solution: [505,710,493,627,830,498,642,216,679,117,74,986,22,200,786,178,447,774,492,137,853,521,180,299,109,857,893,572,345,1032,747,921,272,717,839,1073,829,113,935,607]
Best solution's cost: 58.806236378317074
Valid path: false

theta = 0.99
T = 8.0
db_connections_file = connections.txt
epsilon = 0.0001
cities = 22,74,109,113,117,137,178,180,200,216,272,299,345,447,492,493,498,505,521,572,607,627,642,679,710,717,747,774,786,829,830,839,853,857,893,921,935,986,1032,1073
seed = 5555555555
L = 500
punishment_factor = 3.5
runs = 5
db_cities_file = cities.txt
