RUN RESULTS

#######################################
Initial settings
theta: 0.90
T: 10.0
db_connections_file: connections.txt
epsilon: 0.01
cities: 22,74,109,113,117,137,178,180,200,216,272,299,345,447,492,493,498,505,521,572,607,627,642,679,710,717,747,774,786,829,830,839,853,857,893,921,935,986,1032,1073
seed: 1000000000
L: 500
punishment_factor: 3.5
runs: 100
db_cities_file: cities.txt
#######################################

Run #1
Seed: 3077808017684
Last (9.511312095091213): 345,447,839,505,986,829,830,117,857,178,498,200,747,921,679,109,1073,786,299,774,642,572,710,492,272,521,216,22,717,893,493,935,113,853,137,1032,74,627,180,607
Best (9.505232628901938): 345,447,839,505,986,829,830,117,857,178,498,200,747,679,921,109,1073,786,299,774,642,572,710,492,272,521,216,717,22,893,493,935,113,853,137,1032,74,627,180,607

Run #2
Seed: 9172378556286
Last (9.457260584727987): 272,492,710,572,642,774,1032,137,830,117,857,178,498,200,747,679,921,109,1073,607,180,627,786,299,74,853,113,935,493,505,839,717,22,216,521,893,986,829,447,345
Best (9.457260584727987): 272,492,710,572,642,774,1032,137,830,117,857,178,498,200,747,679,921,109,1073,607,180,627,786,299,74,853,113,935,493,505,839,717,22,216,521,893,986,829,447,345

Run #3
Seed: 7798887194217
Last (8.569886149240114): 117,857,200,747,137,853,935,893,493,505,986,829,839,447,345,717,22,216,521,272,492,710,572,113,642,774,1032,299,74,627,786,180,607,1073,109,921,679,498,178,830
Best (8.569886149240114): 117,857,200,747,137,853,935,893,493,505,986,829,839,447,345,717,22,216,521,272,492,710,572,113,642,774,1032,299,74,627,786,180,607,1073,109,921,679,498,178,830

Run #4
Seed: 6886836586456
Last (8.644660534835573): 137,774,642,853,113,710,492,272,521,572,1032,74,299,786,627,180,607,1073,109,679,921,747,200,498,178,857,117,830,935,493,893,216,22,839,505,986,829,447,717,345
Best (8.639436228051842): 137,774,642,853,113,710,492,272,521,572,1032,74,299,786,627,180,607,1073,109,921,679,747,200,498,178,857,117,830,493,935,893,216,22,839,505,986,829,447,717,345

Run #5
Seed: 3682629691638
Last (8.287239638934638): 216,22,717,345,447,839,829,986,505,493,935,893,521,272,492,710,572,113,853,642,774,74,299,1032,137,830,117,178,498,857,200,747,679,921,109,1073,607,180,786,627
Best (8.276744318396865): 216,22,717,345,447,839,829,986,505,493,935,893,521,272,492,710,572,113,853,642,774,299,74,1032,137,830,117,178,498,857,200,747,679,921,109,1073,607,180,786,627

Run #6
Seed: 2557108544751
Last (8.095295148026578): 137,853,642,113,572,710,492,272,521,935,493,893,216,22,717,345,447,839,505,986,829,830,117,178,498,857,200,747,921,679,109,1073,607,180,786,627,74,299,1032,774
Best (8.091838613760777): 137,853,642,113,572,710,492,272,521,935,493,893,216,22,717,345,447,839,505,986,829,830,117,178,498,857,200,747,679,921,109,1073,607,180,786,627,74,299,1032,774

Run #7
Seed: 4648376869734
Last (9.969954201338929): 137,1032,774,642,853,113,935,893,493,505,986,829,839,447,345,717,22,216,521,272,492,710,572,830,178,498,200,857,117,74,299,786,627,180,607,1073,109,679,921,747
Best (9.964316542124406): 137,1032,774,642,853,113,935,893,493,505,986,829,839,447,345,717,22,216,521,272,492,710,572,830,178,498,200,857,117,74,299,786,627,180,607,1073,109,921,747,679

Run #8
Seed: 2858039349015
Last (7.178568227872051): 830,117,178,498,857,200,747,921,679,109,1073,607,180,627,786,299,74,853,113,935,493,505,986,829,839,447,345,717,22,216,893,521,272,492,710,572,642,774,1032,137
Best (7.175111693606249): 830,117,178,498,857,200,747,679,921,109,1073,607,180,627,786,299,74,853,113,935,493,505,986,829,839,447,345,717,22,216,893,521,272,492,710,572,642,774,1032,137

Run #9
Seed: 8569221620099
Last (9.966239339239893): 572,710,492,272,521,216,345,717,22,893,493,935,642,113,853,137,774,1032,74,299,830,117,178,498,857,200,747,679,921,109,1073,607,180,786,627,447,839,505,986,829
Best (9.966239339239893): 572,710,492,272,521,216,345,717,22,893,493,935,642,113,853,137,774,1032,74,299,830,117,178,498,857,200,747,679,921,109,1073,607,180,786,627,447,839,505,986,829

Run #10
Seed: 2557108544751
Last (7.761177892340555): 830,117,178,498,857,200,747,921,679,109,1073,607,180,786,627,74,299,1032,774,113,572,521,272,492,710,853,137,642,935,447,345,717,22,216,893,493,986,505,839,829
Best (7.757721358074753): 830,117,178,498,857,200,747,679,921,109,1073,607,180,786,627,74,299,1032,774,113,572,521,272,492,710,853,137,642,935,447,345,717,22,216,893,493,986,505,839,829

Run #11
Seed: 4664738199320
Last (7.7506261334871605): 830,117,178,498,857,200,747,679,921,109,1073,607,180,786,627,74,299,774,935,893,216,521,272,492,710,853,137,1032,642,113,572,493,505,986,829,839,447,22,717,345
Best (7.7506261334871605): 830,117,178,498,857,200,747,679,921,109,1073,607,180,786,627,74,299,774,935,893,216,521,272,492,710,853,137,1032,642,113,572,493,505,986,829,839,447,22,717,345

Run #12
Seed: 7310740595054
Last (6.922295064404317): 345,717,447,839,829,986,505,493,935,893,22,216,521,272,492,710,572,113,642,853,137,774,1032,299,74,627,786,180,607,1073,109,679,921,747,200,857,498,178,117,830
Best (6.918838530138516): 345,717,447,839,829,986,505,493,935,893,22,216,521,272,492,710,572,113,642,853,137,774,1032,299,74,627,786,180,607,1073,109,921,679,747,200,857,498,178,117,830

Run #13
Seed: 2858039349015
Last (9.317052047591257): 137,642,774,1032,74,299,786,627,180,607,1073,109,679,921,747,200,857,498,178,117,830,345,216,893,493,986,829,839,505,447,717,22,521,272,935,853,113,572,710,492
Best (9.313595513325456): 137,642,774,1032,74,299,786,627,180,607,1073,109,921,679,747,200,857,498,178,117,830,345,216,893,493,986,829,839,505,447,717,22,521,272,935,853,113,572,710,492

Run #14
Seed: 9482995666600
Last (10.24210813676551): 830,117,178,498,857,200,747,921,679,109,1073,642,774,1032,74,299,786,627,180,607,572,710,492,272,521,216,22,717,345,447,505,839,829,986,493,893,935,113,853,137
Best (10.23865160249971): 830,117,178,498,857,200,747,679,921,109,1073,642,774,1032,74,299,786,627,180,607,572,710,492,272,521,216,22,717,345,447,505,839,829,986,493,893,935,113,853,137

Run #15
Seed: 5701002866518
Last (6.867994867296172): 830,117,857,178,498,200,747,921,679,109,1073,607,180,786,627,74,299,1032,774,137,853,642,113,572,710,492,272,521,216,22,717,345,447,839,829,986,505,493,935,893
Best (6.864538333030372): 830,117,857,178,498,200,747,679,921,109,1073,607,180,786,627,74,299,1032,774,137,853,642,113,572,710,492,272,521,216,22,717,345,447,839,829,986,505,493,935,893

Run #16
Seed: 481120365439
Last (9.351916227063803): 572,710,492,521,216,345,717,22,893,272,853,74,299,786,627,180,607,1073,109,921,679,747,200,857,498,178,117,830,447,839,829,986,505,493,935,113,642,774,1032,137
Best (9.351916227063803): 572,710,492,521,216,345,717,22,893,272,853,74,299,786,627,180,607,1073,109,921,679,747,200,857,498,178,117,830,447,839,829,986,505,493,935,113,642,774,1032,137

Run #17
Seed: 2820121938104
Last (9.742860258847362): 345,717,447,829,986,493,893,521,216,22,839,505,935,642,1032,74,627,786,180,607,1073,109,921,679,747,200,857,498,178,117,830,299,774,492,272,710,572,113,853,137
Best (9.742622826534584): 345,717,447,829,986,493,893,521,216,22,839,505,935,642,1032,74,627,786,180,607,1073,109,921,679,747,200,857,498,178,117,830,299,774,272,492,710,572,113,853,137

Run #18
Seed: 2106329445794
Last (9.49220773704763): 345,717,447,505,493,893,521,272,492,710,572,113,853,137,1032,299,74,774,642,935,216,22,839,829,986,679,498,178,830,117,857,200,747,921,109,1073,607,180,786,627
Best (9.472504279724683): 345,717,839,505,493,893,521,272,492,710,572,113,853,137,1032,74,299,774,642,935,216,22,447,986,829,679,498,178,830,117,857,200,747,921,109,1073,607,180,786,627

Run #19
Seed: 9354881514575
Last (10.519354389399814): 521,272,492,710,572,113,853,935,493,893,216,22,717,839,505,986,829,447,345,74,627,1073,607,180,786,299,1032,774,642,137,830,117,178,498,857,200,747,921,109,679
Best (10.519354389399814): 521,272,492,710,572,113,853,935,493,893,216,22,717,839,505,986,829,447,345,74,627,1073,607,180,786,299,1032,774,642,137,830,117,178,498,857,200,747,921,109,679

Run #20
Seed: 4880458181055
Last (7.090128025229985): 830,117,178,498,857,200,747,921,679,109,1073,607,180,627,786,299,74,1032,774,137,853,642,113,572,710,492,272,521,935,493,893,216,22,717,839,505,986,829,447,345
Best (7.086671490964185): 830,117,178,498,857,200,747,679,921,109,1073,607,180,627,786,299,74,1032,774,137,853,642,113,572,710,492,272,521,935,493,893,216,22,717,839,505,986,829,447,345

Run #21
Seed: 418630304995
Last (8.996645075394763): 830,117,178,498,857,200,747,921,679,109,1073,607,180,786,627,345,717,447,829,986,505,839,22,216,893,493,935,521,272,572,1032,774,299,74,853,113,710,492,642,137
Best (8.993188541128962): 830,117,178,498,857,200,747,679,921,109,1073,607,180,786,627,345,717,447,829,986,505,839,22,216,893,493,935,521,272,572,1032,774,299,74,853,113,710,492,642,137

Run #22
Seed: 6592069401171
Last (8.858165548472694): 1073,607,180,627,786,299,74,1032,774,642,572,272,521,216,22,717,345,447,505,839,829,986,493,935,893,492,710,113,853,137,117,857,200,747,921,109,679,498,178,830
Best (8.858165548472694): 1073,607,180,627,786,299,74,1032,774,642,572,272,521,216,22,717,345,447,505,839,829,986,493,935,893,492,710,113,853,137,117,857,200,747,921,109,679,498,178,830

Run #23
Seed: 8137591534444
Last (10.263847717068879): 117,857,200,747,921,109,1073,607,180,627,786,299,74,853,113,642,774,1032,137,830,178,498,679,447,839,829,986,505,493,935,893,572,710,492,272,521,216,22,717,345
Best (10.260545186881181): 117,857,200,747,921,109,1073,607,180,627,786,299,74,853,113,642,774,1032,137,830,178,498,679,447,839,829,986,505,493,935,893,492,710,572,272,521,216,22,717,345

Run #24
Seed: 4936114880387
Last (9.96680420906596): 829,493,935,893,521,492,710,572,113,642,853,137,1032,74,627,1073,607,180,786,299,774,272,216,22,717,345,447,839,505,986,830,178,498,679,109,921,747,200,857,117
Best (9.96680420906596): 829,493,935,893,521,492,710,572,113,642,853,137,1032,74,627,1073,607,180,786,299,774,272,216,22,717,345,447,839,505,986,830,178,498,679,109,921,747,200,857,117

Run #25
Seed: 9568740967884
Last (8.74125206328992): 492,710,853,137,830,117,178,498,857,200,747,679,921,109,1073,607,180,627,786,299,74,1032,774,642,113,572,272,521,216,22,717,345,447,829,986,505,839,935,493,893
Best (8.74125206328992): 492,710,853,137,830,117,178,498,857,200,747,679,921,109,1073,607,180,627,786,299,74,1032,774,642,113,572,272,521,216,22,717,345,447,829,986,505,839,935,493,893

Run #26
Seed: 2536131666633
Last (9.867585961996852): 345,717,216,272,492,710,572,642,774,74,627,1073,607,180,786,299,1032,137,853,113,935,493,893,521,22,447,829,986,505,839,830,178,498,679,109,921,747,200,857,117
Best (9.867585961996852): 345,717,216,272,492,710,572,642,774,74,627,1073,607,180,786,299,1032,137,853,113,935,493,893,521,22,447,829,986,505,839,830,178,498,679,109,921,747,200,857,117

Run #27
Seed: 3430379938176
Last (9.335308946279357): 447,22,521,710,853,137,774,642,113,935,505,839,829,986,493,272,492,893,717,345,216,572,1032,74,299,786,627,180,607,1073,109,679,921,747,200,498,178,857,117,830
Best (9.331852412013557): 447,22,521,710,853,137,774,642,113,935,505,839,829,986,493,272,492,893,717,345,216,572,1032,74,299,786,627,180,607,1073,109,921,679,747,200,498,178,857,117,830

Run #28
Seed: 6902165348956
Last (8.33322666610143): 299,74,627,786,180,607,1073,109,679,921,747,200,498,178,857,117,830,345,717,22,447,839,829,986,505,493,935,642,774,1032,137,853,113,572,710,492,272,521,893,216
Best (8.329770131835629): 299,74,627,786,180,607,1073,109,921,679,747,200,498,178,857,117,830,345,717,22,447,839,829,986,505,493,935,642,774,1032,137,853,113,572,710,492,272,521,893,216

Run #29
Seed: 8475270143085
Last (9.629620529855373): 345,717,829,986,505,447,216,521,272,492,710,572,830,117,857,178,498,200,747,921,679,109,1073,607,180,627,786,299,74,1032,774,137,853,113,642,935,839,22,893,493
Best (9.626163995589573): 345,717,829,986,505,447,216,521,272,492,710,572,830,117,857,178,498,200,747,679,921,109,1073,607,180,627,786,299,74,1032,774,137,853,113,642,935,839,22,893,493

Run #30
Seed: 6695258609965
Last (9.605672449040696): 137,853,710,572,113,774,1032,299,786,180,607,1073,627,74,642,492,272,521,935,493,893,216,22,717,839,505,986,829,447,345,117,857,200,747,921,109,679,498,178,830
Best (9.599900217669267): 137,853,710,572,113,642,1032,299,786,180,607,1073,627,74,774,492,272,521,935,493,893,216,22,717,839,505,986,829,447,345,117,857,200,747,921,109,679,498,178,830

Run #31
Seed: 1878597954581
Last (10.055759436594661): 830,117,178,498,857,200,747,921,109,679,447,839,829,986,505,493,935,113,642,1032,74,627,1073,607,180,786,299,774,492,893,22,717,345,216,521,272,572,710,853,137
Best (10.055759436594661): 830,117,178,498,857,200,747,921,109,679,447,839,829,986,505,493,935,113,642,1032,74,627,1073,607,180,786,299,774,492,893,22,717,345,216,521,272,572,710,853,137

Run #32
Seed: 8818956481096
Last (9.030903749392452): 447,839,829,986,505,493,935,893,492,710,642,774,74,627,786,180,607,1073,109,921,679,747,200,857,498,178,117,830,299,1032,137,853,113,572,272,521,216,22,717,345
Best (9.030903749392452): 447,839,829,986,505,493,935,893,492,710,642,774,74,627,786,180,607,1073,109,921,679,747,200,857,498,178,117,830,299,1032,137,853,113,572,272,521,216,22,717,345

Run #33
Seed: 2106329445794
Last (9.471631764308869): 627,74,1032,137,853,272,521,216,22,717,839,505,986,829,447,345,830,117,178,498,857,200,747,921,679,109,1073,607,180,786,299,774,642,113,572,710,492,893,493,935
Best (9.466407457525138): 627,74,1032,137,853,272,521,216,22,717,839,505,986,829,447,345,830,117,178,498,857,200,747,679,921,109,1073,607,180,786,299,774,642,113,572,710,492,893,935,493

Run #34
Seed: 9211035503510
Last (8.470257648221896): 117,178,498,857,200,747,679,921,109,1073,607,180,627,786,299,74,1032,774,642,935,216,22,717,345,447,839,829,986,505,493,893,521,272,492,710,572,113,853,137,830
Best (8.470257648221896): 117,178,498,857,200,747,679,921,109,1073,607,180,627,786,299,74,1032,774,642,935,216,22,717,345,447,839,829,986,505,493,893,521,272,492,710,572,113,853,137,830

Run #35
Seed: 2557108544751
Last (6.942620316538782): 137,853,113,710,492,893,935,493,505,986,829,839,447,345,717,22,216,521,272,572,642,774,1032,299,74,627,786,180,607,1073,109,921,679,747,200,857,498,178,117,830
Best (6.942620316538782): 137,853,113,710,492,893,935,493,505,986,829,839,447,345,717,22,216,521,272,572,642,774,1032,299,74,627,786,180,607,1073,109,921,679,747,200,857,498,178,117,830

Run #36
Seed: 7395501776051
Last (8.274165895480694): 345,447,829,986,505,839,717,22,216,893,493,935,521,272,492,710,572,113,642,853,137,774,1032,74,299,830,117,178,498,857,200,747,921,679,109,1073,607,180,786,627
Best (8.270709361214893): 345,447,829,986,505,839,717,22,216,893,493,935,521,272,492,710,572,113,642,853,137,774,1032,74,299,830,117,178,498,857,200,747,679,921,109,1073,607,180,786,627

Run #37
Seed: 6695258609965
Last (9.588004988543506): 572,710,113,853,137,1032,299,786,607,180,627,74,774,642,492,272,521,935,493,893,216,447,829,986,505,839,22,717,345,830,117,178,498,857,200,747,921,679,109,1073
Best (9.578165946118354): 572,710,113,853,137,1032,299,786,180,607,627,74,774,642,492,272,521,935,493,893,216,447,829,986,505,839,22,717,345,830,117,178,498,857,200,747,679,921,109,1073

Run #38
Seed: 1740995930107
Last (8.820719230162382): 137,853,113,710,492,272,572,642,774,1032,299,74,627,786,180,607,1073,109,679,498,178,830,117,857,200,747,921,493,935,893,521,216,22,839,505,986,829,447,717,345
Best (8.820719230162382): 137,853,113,710,492,272,572,642,774,1032,299,74,627,786,180,607,1073,109,679,498,178,830,117,857,200,747,921,493,935,893,521,216,22,839,505,986,829,447,717,345

Run #39
Seed: 7071616895863
Last (9.212135412707704): 272,492,710,572,113,642,774,1032,74,299,786,627,180,607,1073,109,679,921,747,200,857,498,178,117,830,839,447,345,717,22,216,521,893,493,829,986,505,935,853,137
Best (9.208678878441903): 272,492,710,572,113,642,774,1032,74,299,786,627,180,607,1073,109,921,679,747,200,857,498,178,117,830,839,447,345,717,22,216,521,893,493,829,986,505,935,853,137

