
Run #774
Seed: 2191227990106
Initial permutation: 839,200,921,642,679,893,857,117,1073,216,607,492,299,493,180,505,935,447,747,22,521,627,572,853,986,786,710,717,113,830,345,137,74,774,178,109,1032,829,498,272

Last [true] (0.7322245243701966): 830,117,178,498,200,857,747,921,679,109,1073,607,180,786,627,74,299,774,113,642,853,137,1032,572,272,710,492,935,493,893,22,839,505,986,829,447,717,345,216,521
Best [true] (0.6162358649273801): 830,117,178,498,857,200,747,679,921,109,1073,607,180,786,627,74,299,1032,774,137,853,642,113,572,710,492,272,521,935,493,893,216,22,717,345,447,839,505,986,829

#######################################
Initial settings
theta: 0.95
T: 8.0
db_connections_file: connections.txt
epsilon: 0.001
cities: 22,74,109,113,117,137,178,180,200,216,272,299,345,447,492,493,498,505,521,572,607,627,642,679,710,717,747,774,786,829,830,839,853,857,893,921,935,986,1032,1073
seed: 40400000006
L: 500
punishment_factor: 3.5
runs: 10000
db_cities_file: cities.txt
#######################################

