RUN RESULTS

#######################################
Initial settings
theta: 0.95
T: 10.0
db_connections_file: connections.txt
epsilon: 0.001
cities: 22,74,109,113,117,137,178,180,200,216,272,299,345,447,492,493,498,505,521,572,607,627,642,679,710,717,747,774,786,829,830,839,853,857,893,921,935,986,1032,1073
seed: 55555555555
L: 500
punishment_factor: 3.5
runs: 1000
db_cities_file: cities.txt
#######################################

Run #1
Seed: 6016511194857
Last (58.806236378317074): 921,492,22,857,710,774,299,505,642,200,113,986,178,935,830,74,747,493,109,717,272,216,839,137,1032,679,521,853,572,180,786,627,829,447,117,893,607,498,345,1073
Best (58.806236378317074): 447,178,200,747,986,935,607,521,921,774,717,113,493,710,216,627,786,642,505,1073,829,572,1032,857,74,109,299,492,830,839,22,117,137,893,345,272,679,853,180,498

Run #2
Seed: 1661903506813
Last (58.80623637831708): 839,853,607,1032,137,572,774,505,786,178,299,492,893,109,717,627,113,830,642,521,180,747,272,117,447,986,829,200,498,935,857,710,1073,345,22,921,679,74,216,493
Best (58.806236378317074): 117,216,607,829,109,921,893,717,710,492,178,74,137,299,447,830,521,180,986,786,113,493,627,1032,747,498,505,22,935,1073,679,774,200,642,572,345,853,272,839,857

Run #3
Seed: 5412408848428
Last (58.806236378317074): 74,829,627,272,345,137,505,1073,113,178,830,447,679,1032,117,921,492,857,180,498,747,607,893,986,717,493,642,216,839,572,521,853,786,710,109,299,22,200,935,774
Best (58.806236378317074): 921,642,113,679,505,299,117,216,22,572,498,137,853,607,345,857,710,935,180,786,109,74,493,1073,492,1032,893,747,774,272,178,521,447,200,829,830,986,627,717,839

Run #4
Seed: 8687984277972
Last (58.806236378317074): 113,178,74,786,572,492,717,216,493,853,180,345,829,109,117,710,935,447,1032,627,1073,747,679,830,857,893,986,272,498,521,921,607,299,505,642,200,22,774,137,839
Best (58.806236378317074): 717,113,921,627,521,345,786,829,447,74,272,839,893,710,109,642,200,178,830,498,607,1032,22,679,492,774,117,935,986,180,853,747,216,493,505,572,1073,299,857,137

Run #5
Seed: 2373278903510
Last (58.80623637831708): 853,345,830,492,829,572,272,498,521,117,839,857,137,109,493,774,986,921,113,299,679,22,1032,642,627,74,710,1073,607,935,505,747,180,178,786,216,717,893,447,200
Best (58.806236378317074): 137,830,853,921,786,839,857,180,498,521,935,774,986,117,642,747,447,607,717,299,492,710,272,74,178,216,22,345,1073,829,109,893,493,1032,113,627,679,505,200,572

Run #6
Seed: 7774898015876
Last (58.80623637831708): 505,117,747,216,935,893,786,447,1073,498,710,109,299,178,137,774,839,345,113,1032,717,572,493,200,74,679,22,180,830,627,853,857,829,521,607,272,986,642,921,492
Best (58.806236378317074): 710,829,572,113,498,22,299,830,747,493,180,117,986,492,345,935,200,272,521,109,921,857,178,774,786,1073,642,137,839,1032,447,216,717,893,627,505,853,607,679,74

Run #7
Seed: 8402525242444
Last (58.80623637831708): 853,498,216,607,572,921,180,74,492,935,830,679,747,829,200,178,493,1032,642,839,893,117,299,521,109,717,345,786,710,986,774,137,272,627,447,1073,857,22,113,505
Best (58.806236378317074): 178,1032,272,74,830,200,829,710,786,893,521,935,627,180,447,679,853,492,1073,839,642,216,717,498,113,986,607,109,22,137,493,345,299,747,117,572,774,921,505,857

Run #8
Seed: 9122055153248
Last (58.80623637831708): 786,679,717,853,505,1073,137,857,180,178,829,747,839,830,345,607,1032,935,572,200,447,299,893,109,710,272,493,921,521,22,74,113,986,216,117,642,498,492,627,774
Best (58.806236378317074): 216,493,200,505,137,679,627,921,113,893,22,853,572,299,710,1032,109,986,839,607,498,178,117,857,829,717,521,642,830,935,272,747,786,74,345,1073,447,774,180,492

Run #9
Seed: 5972465848393
Last (58.80623637831708): 1032,627,921,505,216,137,857,830,710,572,22,492,839,345,521,774,986,299,786,747,117,935,200,113,493,829,180,447,853,717,74,607,178,1073,679,272,642,893,498,109
Best (58.806236378317074): 786,178,345,1073,717,272,180,1032,572,774,74,747,986,521,200,829,447,492,493,921,498,893,857,505,853,627,113,22,830,299,642,839,679,935,710,216,109,137,117,607

Run #10
Seed: 3588928714169
Last (58.806236378317074): 607,1073,572,137,505,774,117,113,493,521,829,447,109,178,935,22,200,747,272,786,893,299,853,679,642,345,710,498,216,627,180,74,717,492,857,986,1032,830,839,921
Best (58.806236378317074): 829,1032,109,137,505,22,857,627,180,679,272,747,830,853,299,498,642,710,345,935,572,492,986,774,178,447,493,717,117,521,607,74,200,893,839,786,113,216,921,1073

Run #11
Seed: 5598726675959
Last (58.80623637831708): 180,830,493,1032,627,117,607,272,137,786,74,498,853,572,178,857,717,447,710,505,22,829,774,935,839,216,521,921,113,200,642,345,986,492,893,747,109,1073,679,299
Best (58.806236378317074): 774,986,447,786,747,272,839,627,299,74,345,853,717,22,109,137,498,921,893,521,200,679,493,829,1073,1032,180,572,492,178,935,607,710,505,642,216,830,857,113,117

Run #12
Seed: 1921222988957
Last (58.806236378317074): 607,710,113,679,498,180,572,921,272,74,216,857,492,109,447,1032,893,22,521,935,829,986,345,747,299,505,717,786,493,642,137,839,117,178,1073,774,200,830,627,853
Best (58.806236378317074): 178,505,853,200,1073,117,74,180,893,22,830,935,774,299,627,345,521,829,492,216,498,493,607,710,1032,679,109,642,717,986,839,137,272,786,747,857,447,572,921,113

Run #13
Seed: 4433552659864
Last (58.806236378317074): 642,679,109,829,74,747,710,857,117,572,986,498,345,935,786,839,607,493,627,1073,921,137,853,216,299,893,113,505,272,717,521,830,774,447,200,1032,22,180,492,178
Best (58.806236378317074): 921,137,679,986,717,113,498,839,1073,216,830,774,857,74,607,893,178,521,1032,627,642,109,299,200,710,786,853,935,492,272,117,447,747,829,22,572,345,493,505,180

Run #14
Seed: 2071425192733
Last (58.806236378317074): 786,178,986,22,493,839,935,492,921,1032,717,853,521,679,1073,345,498,447,710,642,137,627,829,830,272,109,607,117,857,774,572,200,113,216,893,299,747,505,74,180
Best (58.806236378317074): 679,717,921,839,447,747,607,345,178,216,893,180,857,935,710,22,986,829,117,272,299,109,572,113,493,774,1073,1032,74,627,498,492,853,200,521,642,786,830,505,137

Run #15
Seed: 4930336180900
Last (58.806236378317074): 299,986,178,1073,853,829,272,857,447,74,572,710,839,521,747,679,345,493,717,642,830,1032,109,200,607,786,180,774,921,492,627,137,498,893,22,113,935,117,216,505
Best (58.806236378317074): 1032,113,642,447,853,200,498,893,830,710,137,299,607,492,178,117,857,216,717,272,935,74,493,1073,572,109,345,747,679,986,22,521,786,627,839,774,505,180,921,829

Run #16
Seed: 2466441706459
Last (58.806236378317074): 505,137,986,747,829,74,493,774,109,117,786,498,521,642,180,178,839,857,893,200,113,679,921,830,572,447,22,710,1032,607,345,627,853,272,717,1073,299,492,935,216
Best (58.806236378317074): 447,679,1073,74,299,627,117,607,180,521,747,22,857,505,853,830,1032,572,935,710,345,921,774,113,272,493,829,986,178,216,137,492,200,786,717,109,893,839,498,642

Run #17
Seed: 4334225119429
Last (58.806236378317074): 839,178,710,986,935,747,180,137,22,74,498,829,1032,679,492,1073,830,607,857,113,572,345,299,853,272,717,893,493,216,921,505,774,200,786,642,521,627,109,117,447
Best (58.806236378317074): 774,839,200,935,180,117,986,345,113,74,447,22,572,853,829,299,137,1032,857,272,921,679,1073,521,627,498,717,642,747,710,786,607,830,493,178,505,893,492,216,109

Run #18
Seed: 1338376299494
Last (58.80623637831708): 786,74,935,853,117,493,572,607,1032,505,893,679,829,492,22,299,839,521,109,986,1073,774,642,180,747,272,345,113,921,498,627,137,447,178,857,200,717,830,710,216
Best (58.806236378317074): 829,642,498,493,774,492,272,986,572,505,178,607,935,786,679,447,627,853,857,299,921,117,1032,747,830,216,893,717,200,345,109,137,113,710,180,1073,521,839,22,74

Run #19
Seed: 4313748339943
Last (58.80623637831708): 857,74,774,829,492,642,272,679,117,109,717,137,853,572,921,710,747,498,786,839,180,1073,22,607,505,345,830,935,447,113,178,216,893,986,521,200,493,299,627,1032
Best (58.806236378317074): 829,117,137,498,180,774,935,853,1032,747,272,345,607,493,1073,893,113,492,200,109,216,717,986,299,22,857,830,74,521,839,786,447,627,642,505,921,572,679,178,710

Run #20
Seed: 1840527723065
Last (58.80623637831708): 1032,839,829,521,272,493,178,74,921,117,642,986,498,853,22,857,893,345,830,679,717,607,180,109,113,786,505,935,137,200,710,447,572,299,492,1073,774,747,627,216
Best (58.806236378317074): 786,747,498,521,505,642,921,447,853,22,986,935,493,1032,178,272,839,117,893,216,717,200,492,1073,113,572,607,830,137,180,679,829,109,299,345,774,857,627,710,74

Run #21
Seed: 6991485544566
Last (58.80623637831708): 774,1032,505,74,109,935,921,853,492,200,786,272,627,1073,607,829,710,178,857,521,137,572,830,299,113,180,839,498,986,447,679,22,117,893,747,717,642,493,345,216
Best (58.806236378317074): 498,986,178,935,1073,216,747,493,113,679,137,893,109,921,774,627,853,830,345,857,829,200,839,299,74,642,180,521,272,1032,117,786,607,717,22,505,572,710,492,447

Run #22
Seed: 4366588110682
Last (58.80623637831708): 109,853,505,1073,137,447,829,272,498,1032,345,839,935,710,786,113,774,607,299,74,830,22,117,642,857,921,200,986,747,893,493,216,492,521,627,178,572,717,180,679
Best (58.806236378317074): 893,178,493,642,74,216,272,747,830,572,117,505,857,829,1073,679,607,921,299,986,22,200,492,839,774,345,627,498,447,853,109,180,717,786,521,710,113,935,1032,137

Run #23
Seed: 295313186857
Last (58.80623637831708): 642,572,607,893,272,178,200,679,935,774,345,137,986,747,1032,216,74,830,113,447,786,521,853,839,22,921,109,710,492,857,627,505,1073,829,717,498,299,493,117,180
Best (58.806236378317074): 747,935,180,345,137,717,857,74,830,710,1073,1032,117,893,447,498,178,853,272,492,786,921,493,200,505,113,986,109,299,829,216,521,839,642,627,774,679,22,572,607

Run #24
Seed: 3649289870699
Last (58.806236378317074): 1032,137,22,642,774,505,492,717,272,893,857,572,216,786,74,853,117,113,627,1073,109,180,921,986,447,521,830,829,710,607,178,200,935,493,747,299,679,839,345,498
Best (58.806236378317074): 492,839,180,986,447,137,200,679,272,74,117,607,498,717,493,521,572,109,178,1032,299,22,786,1073,853,505,829,747,921,774,627,642,857,710,216,935,893,830,113,345

Run #25
Seed: 182673463072
Last (58.806236378317074): 74,109,572,1032,22,893,505,180,853,117,627,986,774,747,935,921,299,113,607,857,447,710,498,829,178,137,521,493,345,216,830,717,642,1073,679,492,272,200,786,839
Best (58.806236378317074): 786,299,137,200,447,521,272,74,857,893,493,109,986,710,216,774,747,113,679,492,921,642,627,607,1073,498,117,935,505,853,830,1032,22,345,829,839,180,572,178,717

Run #26
Seed: 6150485664836
Last (58.806236378317074): 492,717,986,109,22,853,200,921,493,935,710,830,272,498,137,893,839,1073,113,642,345,74,607,627,572,180,1032,117,505,857,747,774,299,178,521,216,829,786,447,679
Best (58.806236378317074): 986,74,774,345,572,178,893,607,447,493,857,679,1073,830,117,642,492,1032,839,747,498,180,853,272,200,216,921,137,717,627,109,786,113,829,22,710,299,935,505,521

Run #27
Seed: 9771328242813
Last (58.80623637831708): 200,935,572,857,180,642,505,717,679,829,747,839,109,74,853,493,786,1032,1073,113,521,607,272,498,830,986,492,345,447,22,216,921,710,178,299,117,137,774,627,893
Best (58.806236378317074): 627,113,272,710,505,117,853,137,1073,986,493,830,345,607,109,74,178,829,180,200,642,498,921,786,839,299,679,447,572,717,893,521,774,1032,857,22,747,935,492,216

Run #28
Seed: 6182739434321
Last (58.80623637831708): 853,893,345,679,137,642,786,447,117,272,113,216,505,839,627,921,22,607,180,1032,774,572,710,829,521,492,493,830,299,178,200,1073,717,74,935,747,109,857,986,498
Best (58.806236378317074): 113,299,521,493,1073,642,345,857,893,109,627,200,935,710,272,492,786,921,505,774,607,986,216,747,498,717,137,830,679,180,178,74,1032,853,572,447,117,829,839,22

Run #29
Seed: 6661539627280
Last (58.806236378317074): 921,137,786,447,642,935,829,178,492,1032,272,1073,345,830,710,74,986,200,180,22,498,747,627,493,717,774,521,893,679,113,572,505,853,607,216,857,299,117,839,109
Best (58.806236378317074): 1032,493,505,178,498,935,986,200,747,893,117,830,216,839,627,113,786,137,572,1073,521,74,774,710,22,607,447,717,272,345,853,180,829,857,642,679,492,299,109,921

Run #30
Seed: 6666519901761
Last (58.80623637831708): 74,299,200,498,180,857,679,710,572,935,642,109,521,830,774,117,829,747,447,216,272,493,492,1073,178,786,921,893,113,839,986,607,717,627,22,853,505,345,137,1032
Best (58.806236378317074): 1032,117,710,345,521,299,853,893,178,1073,747,679,774,22,180,493,857,492,272,830,572,109,505,607,935,447,137,829,642,216,921,986,717,74,839,498,200,786,627,113

Run #31
Seed: 830953979389
Last (58.806236378317074): 607,117,747,492,572,1073,986,774,921,22,853,857,345,839,493,717,447,679,216,642,180,505,935,109,299,521,786,830,498,829,893,1032,200,710,74,178,137,272,627,113
Best (58.806236378317074): 22,857,572,710,200,345,786,921,986,117,717,178,272,299,642,1073,498,607,74,935,893,679,774,829,493,1032,137,113,180,505,839,853,521,216,747,109,492,830,447,627

Run #32
Seed: 6530097087764
Last (58.80623637831708): 710,498,747,642,853,921,178,117,1073,857,22,986,774,137,679,627,113,572,216,109,505,521,1032,717,786,839,935,272,74,829,893,180,492,345,299,200,447,493,607,830
Best (58.806236378317074): 853,492,22,345,857,829,830,679,642,607,935,774,1073,117,216,505,521,572,710,498,200,921,299,180,178,137,986,747,717,272,1032,113,109,493,74,839,786,893,627,447

Run #33
Seed: 647658623984
Last (58.806236378317074): 607,786,74,986,710,272,853,679,857,642,180,137,117,893,521,774,492,345,22,447,493,505,627,109,839,921,113,747,178,935,200,299,216,498,829,717,572,830,1032,1073
Best (58.806236378317074): 921,109,642,498,627,200,492,216,774,857,747,786,113,493,830,986,180,710,299,1032,345,829,272,935,137,839,505,178,717,853,893,1073,74,447,117,679,22,572,607,521

Run #34
Seed: 6352705432805
Last (58.806236378317074): 345,642,986,272,853,299,117,747,498,572,1073,22,935,178,492,627,113,893,493,1032,607,521,829,921,74,447,857,717,786,505,839,180,830,137,216,710,679,109,774,200
Best (58.806236378317074): 1073,679,935,272,853,627,216,642,839,22,607,893,109,829,521,717,74,857,447,492,986,747,710,113,178,493,498,830,117,572,345,200,299,921,774,1032,137,786,180,505

Run #35
Seed: 5598726675959
Last (58.80623637831708): 839,109,498,679,505,117,345,493,272,1032,180,717,829,986,178,216,830,22,857,853,627,1073,299,492,774,786,572,200,747,113,74,447,710,137,607,893,935,642,921,521
Best (58.806236378317074): 74,786,22,493,200,986,1073,113,853,272,627,921,857,829,572,178,830,521,935,492,216,717,774,345,642,505,1032,447,137,299,109,679,839,117,180,607,710,747,893,498

Run #36
Seed: 1921222988957
Last (58.806236378317074): 345,857,747,921,717,839,986,200,493,180,786,216,137,935,22,679,607,627,572,492,1073,710,447,893,521,853,830,1032,498,74,272,774,117,178,642,299,113,109,505,829
Best (58.806236378317074): 178,853,829,113,642,572,180,627,607,200,109,492,710,521,505,447,117,1073,137,857,717,498,345,786,679,921,935,74,830,299,216,272,493,1032,893,774,22,986,839,747

Run #37
Seed: 4433552659864
Last (58.806236378317074): 74,921,935,1073,180,893,857,216,117,986,710,717,447,492,1032,774,345,498,505,642,200,272,829,786,521,607,747,853,493,830,572,109,299,22,113,679,627,839,137,178
Best (58.806236378317074): 109,642,493,1073,117,492,200,345,986,521,447,498,505,839,774,22,178,717,921,829,113,607,935,893,299,747,710,627,137,216,180,786,857,679,853,272,1032,830,74,572

Run #38
Seed: 2071425192733
Last (58.806236378317074): 1032,178,710,627,498,774,492,137,200,679,830,829,572,921,642,447,717,22,857,74,272,505,1073,109,493,935,345,117,216,299,986,113,747,786,607,521,893,853,180,839
Best (58.806236378317074): 627,505,1032,117,853,492,607,216,642,22,200,935,893,493,747,178,679,857,986,829,272,137,1073,710,180,786,521,572,109,113,774,830,345,921,717,74,498,839,447,299

Run #39
Seed: 4930336180900
Last (58.806236378317074): 521,710,178,642,829,1073,493,216,22,180,986,857,774,572,893,921,447,498,830,74,109,679,935,113,345,1032,839,299,200,137,505,272,717,607,627,747,492,117,786,853
Best (58.806236378317074): 679,747,74,22,829,113,717,607,109,857,272,521,345,137,178,117,216,786,830,493,492,180,498,642,986,935,447,893,921,710,627,572,1032,505,774,299,853,839,200,1073

Run #40
Seed: 2466441706459
Last (58.80623637831708): 853,272,710,893,1073,180,498,299,935,117,1032,717,572,74,839,178,774,216,607,113,747,921,200,109,986,22,627,857,679,345,447,505,829,493,830,642,521,137,492,786
Best (58.806236378317074): 117,921,642,180,521,710,109,345,839,853,893,216,627,572,200,22,679,986,74,857,447,747,299,829,493,498,1073,505,178,786,272,137,113,1032,830,935,607,774,492,717

Run #41
Seed: 4334225119429
Last (58.806236378317074): 774,178,857,710,492,893,839,272,627,180,717,1073,679,921,137,642,109,345,216,747,986,447,521,829,493,830,607,498,786,200,853,299,113,1032,74,572,505,935,117,22
Best (58.806236378317074): 299,774,113,492,839,117,710,447,747,180,853,627,986,829,1073,521,272,679,216,493,200,921,642,572,505,717,830,74,893,857,1032,22,109,498,178,345,607,137,786,935

Run #42
Seed: 1338376299494
Last (58.806236378317074): 1032,180,492,829,117,498,986,345,679,853,607,921,1073,137,627,521,774,572,935,710,642,299,74,839,893,493,447,747,200,717,505,272,22,178,216,113,830,109,857,786
Best (58.806236378317074): 1073,74,717,498,299,137,493,710,986,853,178,345,492,1032,921,22,505,829,216,521,200,117,679,893,109,786,607,830,113,447,935,272,747,857,839,642,572,774,627,180

Run #43
Seed: 4313748339943
Last (58.806236378317074): 216,180,299,1073,137,74,493,921,117,935,830,272,829,986,200,857,893,717,1032,774,839,642,627,345,853,447,109,492,22,747,178,786,607,710,572,113,498,521,505,679
Best (58.806236378317074): 1073,117,272,774,839,986,492,829,679,137,113,447,345,710,642,935,747,299,1032,180,572,216,498,627,830,857,109,521,786,717,493,22,505,74,853,200,893,921,178,607

Run #44
Seed: 1840527723065
Last (58.80623637831708): 679,774,1073,572,493,498,178,180,200,117,74,710,717,829,627,216,607,447,109,921,830,345,839,935,747,1032,853,492,272,113,857,22,986,521,137,642,299,893,505,786
Best (58.806236378317074): 717,710,1032,572,22,505,345,853,216,627,893,492,493,679,178,921,774,117,447,786,830,299,137,642,498,986,200,109,272,839,829,113,935,521,607,1073,747,74,857,180

Run #45
Seed: 6991485544566
Last (58.806236378317074): 299,679,853,180,935,492,200,829,137,113,1032,493,505,642,345,1073,857,178,216,572,272,986,109,521,747,839,774,717,710,22,921,627,117,607,893,830,74,498,447,786
Best (58.806236378317074): 717,493,178,986,447,786,893,607,747,921,272,498,642,200,299,505,857,109,935,774,1073,137,216,117,180,74,679,572,710,839,521,1032,345,830,627,853,492,829,113,22

Run #46
Seed: 4366588110682
Last (58.806236378317074): 935,829,853,642,272,22,1073,493,717,679,447,774,492,857,1032,747,299,345,521,180,109,627,117,74,216,200,113,710,893,607,498,786,137,572,505,178,986,830,839,921
Best (58.806236378317074): 607,178,498,829,180,786,74,109,774,986,492,521,216,1073,642,345,921,137,117,710,627,113,272,893,299,447,505,717,22,493,935,839,830,1032,572,857,747,853,679,200

Run #47
Seed: 295313186857
Last (58.806236378317074): 74,986,345,607,493,178,113,921,492,299,447,272,710,893,679,786,180,109,747,22,1032,572,829,774,627,200,935,857,137,216,505,853,642,1073,830,717,521,498,117,839
Best (58.806236378317074): 200,492,839,447,986,830,216,180,109,857,642,679,117,607,22,717,178,786,493,137,1032,893,498,113,853,747,345,935,521,1073,829,272,299,74,505,774,921,627,572,710

Run #48
Seed: 3649289870699
Last (58.806236378317074): 679,272,627,74,299,853,137,830,493,607,216,986,786,1032,180,829,117,747,505,642,935,839,200,710,22,572,109,1073,857,345,178,113,492,498,893,521,921,774,447,717
Best (58.806236378317074): 572,113,272,521,22,200,935,109,786,505,345,180,493,830,498,642,893,774,921,679,627,710,717,986,299,117,137,74,853,829,607,1073,216,178,1032,492,857,839,747,447

Run #49
Seed: 182673463072
Last (58.80623637831708): 180,935,986,679,627,607,853,839,829,117,505,710,299,893,492,200,521,747,345,216,22,857,717,1073,178,272,572,498,447,786,109,830,74,642,921,137,493,113,1032,774
Best (58.806236378317074): 1032,521,272,113,74,572,493,893,216,607,498,935,710,857,786,299,180,747,921,137,200,22,505,345,642,447,117,492,853,829,109,679,830,717,1073,986,839,774,178,627

Run #50
Seed: 6150485664836
Last (58.806236378317074): 137,830,710,935,627,829,113,200,498,492,857,109,493,717,272,607,774,642,747,74,447,180,345,505,986,839,679,117,853,216,893,299,521,178,572,786,1073,1032,22,921
Best (58.806236378317074): 710,180,299,447,986,178,607,345,22,498,216,921,642,109,117,74,137,679,774,893,717,839,829,493,113,786,200,272,830,505,935,1032,747,1073,627,857,521,492,853,572

Run #51
Seed: 9771328242813
Last (58.806236378317074): 113,492,986,216,839,74,853,830,921,1073,893,774,935,180,829,498,1032,679,642,747,572,345,493,717,109,710,137,447,22,627,786,200,857,178,521,117,272,299,505,607
Best (58.806236378317074): 786,747,74,200,829,1032,853,498,642,607,857,493,117,521,178,180,935,1073,717,113,505,627,710,679,774,216,109,921,986,893,839,137,299,830,22,492,272,447,572,345

Run #52
Seed: 6182739434321
Last (58.80623637831708): 829,607,447,921,272,74,1032,22,117,493,747,786,853,774,505,200,627,345,839,679,299,986,857,1073,572,137,498,109,521,178,113,642,830,180,492,893,935,216,710,717
Best (58.806236378317074): 747,642,572,74,521,498,447,216,607,679,505,113,986,857,493,137,717,200,935,839,345,710,786,893,1032,830,272,109,921,299,178,180,853,829,492,22,117,1073,774,627

Run #53
Seed: 6661539627280
Last (58.80623637831708): 200,272,1032,22,74,492,1073,178,137,679,493,642,447,109,857,180,710,113,839,627,717,893,505,498,830,299,572,607,921,747,986,853,829,345,786,216,521,117,774,935
Best (58.806236378317074): 679,498,853,178,717,492,710,113,893,607,117,109,786,774,505,747,1032,272,986,642,572,180,299,857,627,345,22,830,493,447,829,839,1073,216,74,921,137,521,935,200

Run #54
Seed: 6666519901761
Last (58.806236378317074): 180,521,113,717,839,216,921,857,986,492,74,935,572,109,299,117,1073,893,22,786,493,498,137,642,178,1032,200,607,747,774,710,345,830,505,627,829,853,447,272,679
Best (58.806236378317074): 679,117,857,447,572,521,829,607,853,642,893,921,299,839,137,498,216,627,178,986,272,717,710,345,492,22,109,1073,113,786,200,493,74,180,747,935,830,1032,774,505

Run #55
Seed: 830953979389
Last (58.806236378317074): 345,117,893,137,986,642,710,299,200,627,829,216,447,774,498,830,22,921,786,74,839,853,492,935,521,572,1032,109,717,1073,607,679,113,857,180,178,272,493,505,747
Best (58.806236378317074): 627,216,986,857,113,447,1032,200,710,117,830,178,493,521,74,642,717,345,180,492,607,921,299,1073,498,679,272,747,839,853,774,829,572,786,893,935,137,109,22,505

Run #56
Seed: 6530097087764
Last (58.806236378317074): 857,717,893,74,829,200,178,117,642,216,627,710,299,272,921,505,747,986,786,935,853,572,679,830,1032,774,492,493,180,1073,607,839,137,447,521,113,22,498,345,109
Best (58.806236378317074): 829,137,627,447,216,1073,109,921,74,345,492,299,642,117,786,853,572,986,857,717,113,200,521,839,178,272,710,893,830,493,679,747,935,498,180,774,1032,607,505,22

Run #57
Seed: 647658623984
Last (58.80623637831708): 345,1032,180,710,857,493,829,921,216,74,839,272,117,607,572,299,137,447,627,22,498,853,505,935,774,200,747,893,178,492,113,521,786,717,1073,830,986,109,679,642
Best (58.806236378317074): 853,113,627,774,180,786,492,572,447,299,679,830,216,521,893,1032,22,717,839,829,921,935,607,74,986,117,178,493,109,642,498,345,137,200,857,1073,747,505,272,710

Run #58
Seed: 6352705432805
Last (58.806236378317074): 447,74,710,493,829,521,117,893,717,986,642,627,492,178,137,505,747,607,498,679,345,572,1073,200,180,22,216,830,1032,853,774,839,109,272,786,857,921,935,299,113
Best (58.806236378317074): 642,921,492,493,829,505,786,853,774,200,498,607,935,1073,572,830,180,216,22,137,710,272,857,521,178,627,717,109,117,986,447,839,747,345,299,679,893,1032,113,74

Run #59
Seed: 5598726675959
Last (58.80623637831708): 774,935,717,921,853,117,447,498,493,679,839,830,1073,710,178,786,109,627,216,829,505,642,521,137,299,1032,986,113,893,747,180,22,857,272,345,607,492,74,200,572
Best (58.806236378317074): 180,1032,627,498,113,710,642,747,829,493,505,200,216,1073,986,178,109,572,492,137,786,830,299,447,74,853,679,22,272,521,935,921,774,117,839,345,857,893,607,717

Run #60
Seed: 1921222988957
Last (58.80623637831708): 447,216,893,200,830,774,710,113,498,839,1032,786,272,492,627,921,345,505,986,137,642,857,22,607,572,829,109,679,717,180,493,299,117,178,74,521,747,935,853,1073
Best (58.806236378317074): 178,829,1073,747,74,117,839,774,786,498,935,137,679,572,853,893,830,642,272,113,986,717,447,216,921,200,492,180,109,493,299,857,505,521,607,22,627,710,1032,345

Run #61
Seed: 4433552659864
Last (58.80623637831708): 180,200,492,642,839,607,216,786,117,710,857,830,22,137,679,299,447,717,853,74,113,493,1073,1032,572,345,893,829,498,109,986,935,521,627,747,921,505,774,272,178
Best (58.806236378317074): 935,493,109,572,893,137,1073,299,986,786,627,22,216,492,117,710,178,180,200,830,839,717,607,747,829,74,447,853,521,498,642,113,345,921,272,857,679,1032,505,774

Run #62
Seed: 2071425192733
Last (58.806236378317074): 679,178,857,505,717,299,137,272,113,921,109,1073,986,200,74,22,830,627,216,180,493,853,642,935,498,492,447,117,786,521,710,747,893,1032,345,572,607,829,839,774
Best (58.806236378317074): 200,109,113,299,178,607,447,747,627,1032,345,774,786,137,216,505,493,830,117,498,986,492,710,893,717,921,74,521,642,935,839,679,1073,22,572,180,272,853,829,857

Run #63
Seed: 4930336180900
Last (58.806236378317074): 572,857,178,74,1073,642,498,786,627,839,710,216,299,986,607,200,22,717,109,180,935,921,492,747,447,679,774,521,113,272,853,493,830,345,505,893,137,117,1032,829
Best (58.806236378317074): 986,492,180,857,829,717,830,493,607,22,572,345,447,935,178,786,679,74,839,272,1032,109,747,710,113,498,117,774,921,893,505,853,1073,200,299,521,137,627,642,216

Run #64
Seed: 2466441706459
Last (58.80623637831708): 829,493,857,607,642,839,717,521,492,117,679,830,986,180,774,178,299,786,345,747,893,200,113,935,710,627,505,216,921,447,22,853,1073,498,109,74,572,272,137,1032
Best (58.806236378317074): 117,830,216,521,493,857,492,447,774,829,607,178,113,627,505,986,921,710,109,1032,22,893,180,1073,498,839,642,345,786,572,74,717,747,679,272,935,137,200,853,299

Run #65
Seed: 4334225119429
Last (58.80623637831708): 299,178,216,857,137,607,774,493,505,839,830,642,921,200,272,74,935,447,786,893,710,22,572,1073,498,109,345,717,1032,113,829,521,747,679,180,986,853,492,117,627
Best (58.806236378317074): 521,839,747,137,774,272,857,74,893,572,627,986,710,1073,642,299,493,921,786,1032,180,200,22,505,853,830,216,113,607,109,679,447,935,717,178,829,345,117,498,492

Run #66
Seed: 1338376299494
Last (58.80623637831708): 679,839,137,1073,117,717,710,447,921,829,345,200,642,272,505,572,299,986,492,857,74,521,180,774,607,498,22,893,113,830,853,493,627,178,786,747,109,935,216,1032
Best (58.806236378317074): 642,180,830,717,521,272,498,857,710,829,178,447,137,679,200,627,853,1073,786,572,113,117,921,607,935,1032,345,109,747,22,492,493,893,216,774,74,986,299,505,839

Run #67
Seed: 4313748339943
Last (58.80623637831708): 786,839,521,642,272,180,498,200,117,492,109,493,1073,710,113,216,607,830,679,299,774,74,505,447,829,22,935,137,627,893,178,1032,345,857,986,747,717,572,853,921
Best (58.806236378317074): 117,137,493,893,774,272,572,1073,642,607,498,22,109,717,74,921,492,521,747,299,1032,447,857,505,200,786,710,935,986,345,829,627,853,180,679,113,839,830,178,216

Run #68
Seed: 1840527723065
Last (58.80623637831708): 921,299,642,986,498,717,178,839,113,117,180,857,830,1073,505,786,345,22,935,200,109,447,774,492,893,679,829,137,493,747,216,627,710,572,272,74,521,607,853,1032
Best (58.806236378317074): 830,857,679,986,627,853,447,829,786,505,607,137,498,921,178,200,299,117,22,1032,109,521,272,74,717,710,113,935,493,774,1073,747,492,572,345,642,893,180,216,839

Run #69
Seed: 6991485544566
Last (58.806236378317074): 521,921,829,839,492,137,113,1073,272,747,679,498,853,74,447,642,216,178,786,986,493,710,935,572,893,774,299,830,857,627,200,505,117,345,607,109,180,717,22,1032
Best (58.806236378317074): 117,679,492,893,607,935,853,180,710,1073,493,717,572,857,272,113,216,830,345,299,137,521,786,200,774,178,986,498,829,22,642,921,447,109,74,839,1032,747,627,505

Run #70
Seed: 4366588110682
Last (58.80623637831708): 492,1073,829,74,493,627,642,498,830,921,22,299,137,216,679,893,521,447,572,839,935,505,117,180,786,113,747,857,607,345,717,1032,272,986,853,178,710,109,774,200
Best (58.806236378317074): 893,572,521,200,935,1032,117,627,492,74,642,829,109,853,774,345,607,137,1073,178,710,921,272,830,786,447,216,857,747,299,22,679,505,180,493,986,498,717,113,839

Run #71
Seed: 295313186857
Last (58.80623637831708): 180,710,447,345,498,178,747,200,137,521,22,493,857,607,921,1032,839,935,893,627,679,986,1073,299,505,113,492,216,272,786,853,829,74,642,109,830,572,717,117,774
Best (58.806236378317074): 829,22,986,839,921,113,492,299,642,216,498,178,935,853,679,117,74,447,493,786,710,893,717,607,1032,505,345,200,572,521,1073,857,830,180,747,137,627,272,774,109

Run #72
Seed: 3649289870699
Last (58.80623637831708): 921,493,505,180,521,829,272,109,498,345,786,710,1032,679,839,1073,117,893,853,74,492,774,113,857,627,986,935,642,216,447,178,747,137,717,607,572,200,299,22,830
Best (58.806236378317074): 986,747,493,572,627,113,492,935,1032,853,447,839,498,109,717,74,607,299,200,921,505,857,830,710,521,117,272,180,829,1073,345,642,786,178,679,137,216,774,893,22

Run #73
Seed: 182673463072
Last (58.80623637831708): 839,492,710,921,505,345,829,774,1073,117,853,857,521,607,137,113,572,893,447,786,627,216,830,642,178,493,986,717,22,1032,935,109,180,74,200,272,498,747,679,299
Best (58.806236378317074): 679,572,493,747,627,986,498,839,786,345,717,492,857,216,1032,521,607,893,200,272,113,180,853,447,74,830,117,137,829,1073,935,921,505,22,642,299,774,710,178,109

Run #74
Seed: 6150485664836
Last (58.80623637831708): 272,109,857,492,505,1073,747,113,717,137,216,935,498,830,493,345,299,74,893,180,22,839,447,853,710,774,921,117,829,786,607,521,572,178,986,1032,642,679,627,200
Best (58.806236378317074): 857,717,642,1073,345,178,200,447,986,839,786,921,74,935,627,299,272,710,113,607,137,774,22,498,117,521,180,893,109,853,216,679,493,1032,505,492,572,830,829,747

Run #75
Seed: 9771328242813
Last (58.80623637831708): 747,137,710,786,774,180,829,109,200,642,607,299,492,839,1073,717,679,921,74,893,986,447,498,830,935,857,272,22,627,505,1032,113,216,178,572,117,493,521,853,345
Best (58.806236378317074): 109,839,986,893,747,830,493,521,921,447,505,679,178,572,137,498,717,710,180,345,117,299,200,627,113,607,857,774,935,786,74,829,853,492,1073,216,1032,22,272,642

Run #76
Seed: 6182739434321
Last (58.806236378317074): 1073,345,22,200,493,180,679,627,117,498,893,1032,829,299,853,113,505,447,774,921,521,710,216,642,986,272,717,935,572,178,747,74,109,839,137,607,492,786,857,830
Best (58.806236378317074): 893,572,986,717,74,180,22,786,345,492,853,747,137,216,498,272,679,113,829,521,447,857,1032,607,830,109,493,935,200,774,178,839,921,1073,710,627,117,642,299,505

Run #77
Seed: 6661539627280
Last (58.80623637831708): 113,493,679,627,180,137,642,178,272,921,498,74,22,935,216,839,857,747,774,505,830,607,853,717,109,521,986,345,200,893,710,829,1073,447,1032,786,572,117,299,492
Best (58.806236378317074): 921,717,829,178,830,137,857,747,607,345,117,935,1032,299,853,893,679,493,710,74,986,839,521,216,505,447,627,109,498,22,1073,774,642,786,180,200,272,572,492,113

Run #78
Seed: 6666519901761
Last (58.80623637831708): 839,572,747,830,774,786,200,216,710,137,180,492,986,935,521,117,642,607,627,1032,498,717,272,74,178,679,113,345,893,299,857,447,109,853,505,1073,829,22,493,921
Best (58.806236378317074): 921,117,216,22,986,572,1073,345,178,74,607,200,521,505,774,717,786,272,498,935,710,492,829,447,137,627,493,642,180,1032,113,893,109,839,299,830,747,679,853,857

