RUN RESULTS

#######################################
Initial settings
theta: 0.95
T: 10.0
db_connections_file: connections.txt
epsilon: 0.01
cities: 22,74,109,113,117,137,178,180,200,216,272,299,345,447,492,493,498,505,521,572,607,627,642,679,710,717,747,774,786,829,830,839,853,857,893,921,935,986,1032,1073
seed: 88888888
L: 500
punishment_factor: 3.5
runs: 1000
db_cities_file: cities.txt
#######################################

Run #1
Seed: 7723255589632
Last (7.041800965414743): 345,717,447,829,986,505,839,22,216,893,493,935,521,272,492,710,572,113,642,853,137,774,1032,74,299,786,627,180,607,1073,109,679,921,747,200,857,498,178,117,830
Best (7.038344431148943): 345,717,447,829,986,505,839,22,216,893,493,935,521,272,492,710,572,113,642,853,137,774,1032,74,299,786,627,180,607,1073,109,921,679,747,200,857,498,178,117,830


