Run results and settings for seed 5262891

Last solution: [1073,74,492,642,572,109,627,829,839,200,710,786,679,717,774,345,117,493,921,893,505,853,857,607,180,935,830,22,137,986,178,1032,216,272,747,521,498,447,113,299]
Last solution's cost: 615.9630363325488
Valid path: false

Best solution: [492,717,180,447,1032,216,786,853,839,345,829,710,74,607,137,830,1073,642,986,921,857,521,627,299,493,113,22,505,272,774,117,679,893,178,498,109,747,200,935,572]
Best solution's cost: 615.9630363325483
Valid path: false

theta = 0.85
T = 500.0
db_connections_file = connections.txt
epsilon = 25.0
cities = 22,74,109,113,117,137,178,180,200,216,272,299,345,447,492,493,498,505,521,572,607,627,642,679,710,717,747,774,786,829,830,839,853,857,893,921,935,986,1032,1073
seed = 5432109876
L = 10000
punishment_factor = 10.0
runs = 100
db_cities_file = cities.txt
