Run results and settings for seed 71101720

Last solution: [492,521,893,572,1032,710,505,447,853,747,498,786,493,627,829,679,830,113,200,137,299,839,117,74,1073,345,216,774,178,986,180,857,272,921,22,109,935,717,642,607]
Last solution's cost: 615.9630363325488
Valid path: false

Best solution: [853,710,830,498,774,492,1032,493,986,893,1073,829,447,137,607,22,345,572,857,935,521,627,109,74,178,299,113,505,642,216,786,180,717,839,117,679,272,200,747,921]
Best solution's cost: 615.9630363325483
Valid path: false

theta = 0.85
T = 500.0
db_connections_file = connections.txt
epsilon = 25.0
cities = 22,74,109,113,117,137,178,180,200,216,272,299,345,447,492,493,498,505,521,572,607,627,642,679,710,717,747,774,786,829,830,839,853,857,893,921,935,986,1032,1073
seed = 5432109876
L = 10000
punishment_factor = 10.0
runs = 100
db_cities_file = cities.txt
