Run results and settings for seed 83033514

Last solution: [839,627,137,492,857,935,505,180,299,447,774,829,216,117,74,1032,853,679,747,109,22,113,521,572,607,893,200,642,498,830,717,786,493,272,1073,178,710,345,921,986]
Last solution's cost: 615.9630363325488
Valid path: false

Best solution: [137,717,178,679,710,747,299,830,505,22,180,492,216,493,642,447,74,200,109,117,857,853,986,1073,272,774,345,627,498,839,829,786,521,607,1032,935,113,893,572,921]
Best solution's cost: 615.9630363325483
Valid path: false

theta = 0.85
T = 500.0
db_connections_file = connections.txt
epsilon = 25.0
cities = 22,74,109,113,117,137,178,180,200,216,272,299,345,447,492,493,498,505,521,572,607,627,642,679,710,717,747,774,786,829,830,839,853,857,893,921,935,986,1032,1073
seed = 5432109876
L = 10000
punishment_factor = 10.0
runs = 100
db_cities_file = cities.txt
