Run results and settings for seed 86788447

Last solution: [893,857,774,839,717,200,137,747,521,272,113,109,178,853,786,117,493,710,627,921,607,572,1073,74,492,447,505,986,345,299,679,642,216,830,180,22,829,1032,498,935]
Last solution's cost: 615.9630363325487
Valid path: false

Best solution: [893,521,853,178,774,786,839,493,113,272,74,492,710,109,857,607,200,986,747,216,921,22,137,505,345,935,447,1073,717,498,830,180,299,642,829,679,627,117,572,1032]
Best solution's cost: 615.9630363325482
Valid path: false

theta = 0.85
T = 500.0
db_connections_file = connections.txt
epsilon = 25.0
cities = 22,74,109,113,117,137,178,180,200,216,272,299,345,447,492,493,498,505,521,572,607,627,642,679,710,717,747,774,786,829,830,839,853,857,893,921,935,986,1032,1073
seed = 5432109876
L = 10000
punishment_factor = 10.0
runs = 100
db_cities_file = cities.txt
